--bus section
bus id,v(p.u.),theta(deg),bcs(MVAR at v=1p.u)
1,1.0271870054,14.6708030198,0.0000000000
2,1.0123035190,-6.8251893617,0.0000000000
3,1.0205167510,-6.8642326888,0.0000000000
4,1.0541611247,-12.1562959350,0.0000000000
5,1.0582670516,-11.4101679475,0.0000000000
6,1.0564283730,-12.1028355773,0.0000000000
7,1.0710132075,-2.0470576644,0.0000000000
8,1.0683951773,-1.4185905872,0.0000000000
9,1.0800424358,-3.6436428395,0.0000000000
10,1.0815947135,22.7401413150,0.0000000000
11,1.0761094484,22.0676889979,0.0000000000
12,1.0826774387,22.8338017032,0.0000000000
13,1.0509838859,-12.9099731387,0.0000000000
14,1.0519969931,-13.4262041665,0.0000000000
15,1.0629930056,-11.2177773025,0.0000000000
16,1.0603631689,-7.4073913531,0.0000000000
17,1.0386963331,-14.1954000786,0.0000000000
18,1.0641819245,-4.8679037142,0.0000000000
19,1.0624087441,-6.6505057010,0.0000000000
20,1.0789489357,29.7249628144,0.0000000000
21,1.0832536383,29.5069594772,0.0000000000
22,1.0793223860,29.7301527995,0.0000000000
23,1.0804846081,28.8766363215,0.0000000000
24,1.0509179826,-12.4180271085,0.0000000000
25,1.0282533013,6.4279997022,0.0000000000
26,1.0531025505,4.3058526981,0.0000000000
27,1.0276926109,6.3741620018,0.0000000000
28,1.0423965668,2.0000105716,0.0000000000
29,1.0425411358,2.0043752935,0.0000000000
30,1.0452732534,2.6262201100,0.0000000000
31,1.0760878400,30.2853694996,0.0000000000
32,1.0114391453,-6.7048495649,0.0000000000
33,1.0087646643,-6.3046200542,0.0000000000
34,1.0196685847,-4.7643827522,0.0000000000
35,1.0374634380,-7.3684603337,0.0000000000
36,1.0121075821,-6.9009091473,0.0000000000
37,1.0274634207,-8.4372584992,0.0000000000
38,1.0261294923,-6.9957757871,0.0000000000
39,1.0305427483,-5.9466834105,0.0000000000
40,1.0421700107,-8.2784349224,0.0000000000
41,1.0043871761,-3.7840170918,0.0000000000
42,1.0659989673,-7.1727196856,0.0000000000
43,1.0089538750,-3.5207695158,0.0000000000
44,1.0516371760,-8.1507717201,0.0000000000
45,1.0253155944,-7.3673121677,0.0000000000
46,1.0397598918,-6.8823729642,0.0000000000
47,1.0340155006,-8.6915830005,0.0000000000
48,1.0508169011,-5.8859226534,0.0000000000
49,1.0330266341,-8.1813505069,0.0000000000
50,1.0409410787,-6.8279124893,0.0000000000
51,1.0527036584,-5.5592436325,0.0000000000
52,1.0309585510,-1.5118223622,0.0000000000
53,1.0238574058,-5.4710411252,0.0000000000
54,1.0334868081,-1.0934581764,0.0000000000
55,1.0572761069,-13.2208128252,0.0000000000
56,1.0411462604,-13.9138665205,0.0000000000
57,1.0803067245,-0.1781841012,0.0000000000
58,1.0700232595,21.8651686724,0.0000000000
59,1.0805065803,22.6015780778,27.7908638691
60,1.0604801856,13.2889305736,0.0000000000
61,1.0650506454,-11.2234023499,0.0000000000
62,1.0679574234,10.2535676420,0.0000000000
63,1.0951186210,1.8295570276,41.1868626387
64,1.0980303696,5.9935013182,0.0000000000
65,1.0588654633,-13.5889398190,0.0000000000
66,1.0935154306,-0.6868992038,30.8930502253
67,1.0660717016,29.6907959932,0.0000000000
68,1.0772885540,8.1192129423,0.0000000000
69,1.0294654975,4.2190921203,0.0000000000
70,1.0737179942,-3.4013369994,0.0000000000
71,1.0535781118,-12.8913883543,0.0000000000
72,1.0569970432,-13.4283962238,0.0000000000
73,1.0522875960,-12.6475176069,0.0000000000
74,1.0573920767,-9.4057850338,0.0000000000
75,1.0598021441,-0.6939182744,0.0000000000
76,1.0760314638,24.8940877675,0.0000000000
77,1.0708193448,27.8722181459,0.0000000000
78,1.0739431024,28.2509270030,0.0000000000
79,1.0745111160,28.4016735200,0.0000000000
80,1.0692411945,5.9309807270,0.0000000000
81,1.0678852388,-6.1175964484,0.0000000000
82,1.0506685210,-8.1110138504,0.0000000000
83,1.0661251223,-6.5483972225,0.0000000000
84,1.0674320629,-6.9294490896,0.0000000000
85,1.0592693204,1.2409106421,0.0000000000
86,1.0645879517,25.1494210630,0.0000000000
87,1.0671993143,26.2250136839,0.0000000000
88,1.0614287717,23.5444006422,0.0000000000
89,1.0560036485,23.5705337506,0.0000000000
90,1.0741277769,28.4693466833,0.0000000000
91,1.0696830669,26.4352609469,0.0000000000
92,1.0737980868,28.4284289681,0.0000000000
93,1.0804625000,-11.0738028225,0.0000000000
94,1.0708001550,27.6372672961,0.0000000000
95,1.0680611826,21.5072685184,0.0000000000
96,1.0666485044,-8.2732290763,0.0000000000
97,1.0694556890,25.7108836066,0.0000000000
98,1.0858958148,24.3334782236,0.0000000000
99,1.0688765743,25.6682881940,0.0000000000
100,1.0674884907,21.7645534537,0.0000000000
101,1.0693583287,22.1478752936,0.0000000000
102,1.0365613987,2.0003164368,0.0000000000
103,1.0465501803,0.7962775417,0.0000000000
104,1.0825071386,-2.4516626730,0.0000000000
105,1.0689733139,21.6057755750,0.0000000000
106,1.0516877876,31.2000980289,0.0000000000
107,1.0799794151,29.1155241215,0.0000000000
108,1.0530722063,31.3942177295,0.0000000000
109,1.0629527267,-8.1582721347,0.0001739472
110,1.0429603764,-7.6886204257,0.0000000000
111,1.0334328132,-9.1145530307,0.0000000000
112,1.0373309019,-7.6663327335,0.0000000000
113,1.0414228461,-7.2654824751,0.0000000000
114,1.0364118065,-8.3760512279,0.0000000000
115,1.0678236832,27.0234736477,0.0000000000
116,1.0735500220,25.4679352689,22.8433408610
117,1.0529937725,0.6362439502,0.0000000000
118,1.0584846497,-13.4466869101,0.0000000000
119,1.0551450832,-7.5157823270,0.0000000000
120,1.0861695036,-10.2414642596,0.0000000000
121,1.0560781987,-7.4217808006,0.0000000000
122,1.0694342433,-11.7042291528,0.0000000000
123,1.0583554123,-11.9321879692,0.0000000000
124,1.0632978920,-11.1585158824,0.0000000000
125,1.0536521713,-12.2989782401,0.0000000000
126,1.0646588167,21.5202609207,0.0000000000
127,1.0849375523,-4.3420807465,0.0000000000
128,1.0654438668,13.4457359141,0.0000000000
129,1.0636584634,15.3055868184,0.0000000000
130,1.0744539293,28.7698498441,0.0000000000
131,1.0700187363,25.8108584623,0.0000000000
132,1.0999994910,-10.8366599552,88.3679762625
133,1.0776309645,-9.4606740828,0.0000000000
134,1.0673680428,-7.7322191201,0.0000000000
135,1.0446522365,-5.1818829471,-2.0669455116
136,1.0787757350,-6.4361568142,0.0000000000
137,1.0445194057,-5.1998663903,0.0000000000
138,1.0653517346,-13.8264955007,28.8497718897
139,1.0642415061,-7.2827704729,0.0000000000
140,1.0500686863,-8.8373293786,0.0000000000
141,1.0592244103,-7.8595319131,0.0000000000
142,1.0710488858,10.9980154097,0.0000000000
143,1.0562630011,24.2364928511,0.0000000000
144,1.0490217400,-12.3633404031,0.0000000000
145,1.0120684895,-7.3249747492,0.0000000000
146,1.0549578175,-10.0471314357,0.0000000000
147,1.0520762920,-11.3808797945,0.0000000000
148,1.0550777176,-9.5219089908,0.0000000000
149,1.0501137616,-10.1273424893,0.0000000000
150,1.0709938604,-8.5452383994,0.0000000000
151,1.0637642223,-5.5772128653,0.0000000000
152,1.0799999978,-7.6324492310,0.0000000000
153,1.0631737752,-5.6455947763,0.0000000000
154,1.0658316811,-8.6838999480,0.0000000000
155,1.0661758776,-8.9711791574,0.0000000000
156,1.0719974464,-14.8217250665,57.8911605896
157,1.0535332977,-10.1164551202,0.0000000000
158,1.0641137615,-9.8912459814,0.0000000000
159,1.0771812071,6.5186695365,0.0000000000
160,1.0693120462,-9.1178985639,0.0000000000
161,1.0621453302,0.4099108984,0.0000000000
162,1.0523512818,-9.8964352255,0.0000000000
163,1.0726999684,3.1205415208,0.0000000000
164,1.0693308917,11.6571339568,0.0000000000
165,1.0585828951,-8.0211216212,0.0000000000
166,1.0582509772,-8.1128438020,0.0000000000
167,1.0812345310,2.9111746002,0.0000000000
168,1.0829852075,-2.4316469451,21.6310618612
169,1.0545734385,21.4834974957,0.0000000000
170,1.0704949956,28.0622070355,0.0000000000
171,1.0733862303,28.0927543086,0.0000000000
172,1.0516935344,24.9611462228,0.0000000000
173,1.0531748649,24.2717293855,0.0000000000
174,1.0693315538,27.9129316053,0.0000000000
175,1.0764923321,28.2651617906,0.0000000000
176,1.0700148187,24.1907580932,52.6232992962
177,1.0573292223,24.0036285752,0.0000000000
178,1.0556071074,25.1814912410,0.0000000000
179,1.0752103302,27.6421877821,0.0000000000
180,1.0912221016,0.1892407118,0.0000000000
181,1.0897475401,-1.0204729614,19.9218748334
182,1.0759061791,7.2867308704,0.0000000000
183,1.0599268578,4.6154042528,0.0000000000
184,1.0606247919,7.1815053499,0.0000000000
185,1.0708465483,6.9177970322,0.0000000000
186,1.0627018028,7.4580327708,0.0000000000
187,1.0590347471,6.8713932485,0.0000000000
188,1.0597448719,5.8194439181,0.0000000000
189,1.0543954457,4.5287381201,0.0000000000
190,1.0392393400,11.4589229891,0.0000000000
191,1.0721208156,8.5795601168,0.0000000000
192,1.0387028581,11.3975838265,0.0000000000
193,1.0535277455,4.2529887158,0.0000000000
194,1.0385965313,-11.9489283382,0.0000000000
195,1.0676080342,-8.6564974774,0.0000000000
196,1.0414931988,-8.3125128008,0.0000000000
197,1.0585983383,-9.4432641863,0.0000000000
198,1.0527163331,-9.4832559272,0.0000000000
199,1.0770919731,-4.2087820292,26.1195326900
200,1.0710317962,-6.2799929918,22.3820723185
201,1.0357745779,-14.0236179128,0.0000000000
202,1.0363743815,-14.4618568202,0.0000000000
203,1.0369176252,0.0314676619,21.1419921477
204,1.0490770038,1.9113588167,0.0000000000
205,1.0796438666,21.7407231960,34.8400990142
206,1.0744740487,26.8010760123,0.0000000000
207,1.0641159003,-9.0627651265,0.0000000000
208,1.0537602969,-11.3318523165,0.0000000000
209,1.0591392783,-11.5245658967,0.0000000000
210,1.0494580957,21.1074064199,0.0000000000
211,1.0478598654,17.4886350525,0.0000000000
212,1.0486836393,-2.7280477970,0.0000000000
213,1.0278309908,-8.1411961168,0.0000000000
214,1.0441457059,-8.1809415318,55.8551343997
215,1.0575455118,-10.4345204121,0.0000000000
216,1.0374091872,-10.7735911790,0.0000000000
217,1.0529873924,1.2366555235,0.0000000000
218,1.0486192031,0.0588829535,0.0215521182
219,1.0508170545,-0.1503913299,18.0530300992
220,1.0496171844,1.7449058755,0.0000000000
221,1.0607940369,-14.1447014344,0.0000000000
222,1.0510715599,-9.8617359058,0.0000000000
223,1.0704855339,6.1145579213,0.0000000000
224,1.0753591965,7.3610861675,0.0000000000
225,1.0504802870,-9.2582917159,0.0000000000
226,1.0999986381,-4.4499440914,49.8751983598
227,1.0467843215,-4.3474416770,0.0000000000
228,1.0697714416,28.0079361596,0.0000000000
229,1.0697061834,-5.8748858105,0.0000000000
230,1.0396545549,-9.8674042601,0.0000000000
231,1.0697638584,31.5287778917,0.0000000000
232,1.0827225895,29.3263188921,0.0000000000
233,1.0695738425,31.4988123376,0.0000000000
234,1.0759090759,28.1633375549,0.0000000000
235,1.0710415809,-12.4418171065,28.1382329242
236,1.0564877313,-12.4272364766,0.0000000000
237,1.0748744224,5.1710743113,0.0000000000
238,1.0750479653,7.0290880073,0.0000000000
239,1.0536843168,25.9053147298,0.0000000000
240,1.0649733121,22.1074216334,5.3829892285
241,1.0721571190,-7.6896388760,0.0000000000
242,1.0528376298,-6.6496306688,0.0000000000
243,1.0554219205,-9.5623929786,0.0000000000
244,1.0645283643,25.9652143007,0.0000000000
245,1.0999995613,8.8462716479,25.1115996113
246,1.0384418110,-10.2112165136,0.0000000000
247,1.0571481244,-8.1663857253,0.0000000000
248,1.0771030197,10.5499221674,57.3979959172
249,1.0688795470,8.8234901195,0.0000000000
250,1.0668762387,8.3131226196,0.0000000000
251,1.0435054059,-11.8599423542,0.0000000000
252,1.0270608275,-0.2241379165,0.0000000000
253,1.0799999904,-1.9624782746,0.0000000000
254,1.0262586232,-0.2777947439,0.0000000000
255,1.0790682674,-1.9957480070,38.0834375561
256,1.0760784209,-4.0963538863,0.0000000000
257,1.0703745828,-2.7394169462,-16.4446563485
258,1.0715782324,-2.5916731601,-36.1461315662
259,1.0728478679,-2.6690767617,15.3006292801
260,1.0415927458,-7.8281512588,0.0000000000
261,1.0350749868,-9.5553085317,0.0000000000
262,1.0412599457,3.1316951900,0.0000000000
263,1.0353550016,3.0171410677,0.0000000000
264,1.0771872786,6.3221865378,0.0000000000
265,1.0673061844,-11.7567117411,0.0000000000
266,1.0598692869,-8.3744721328,0.0000000000
267,1.0550362875,-12.6168573148,0.0000000000
268,1.0369778742,0.5775084593,0.0000000000
269,1.0696154538,-7.7682579496,0.0000000000
270,1.0580957597,-9.2908759230,0.0000000000
271,1.0649891485,3.6438566785,0.0000000000
272,1.0710508743,-2.7263464024,0.0000000000
273,1.0954024785,34.3229792034,0.0000000000
274,1.0904969133,30.7175483430,0.0000000000
275,1.0666181170,40.7592588951,0.0000000000
276,1.0618981365,39.8497073090,0.0000000000
277,1.0812425907,6.5758328962,0.0000000000
278,1.0807826467,30.3321535488,0.0000000000
279,1.0771195586,28.9132093856,0.0000000000
280,1.0900409823,32.4684824777,0.0000000000
281,1.0904257944,31.6395011889,0.0000000000
282,1.0751104827,8.8958967566,0.0000000000
283,1.0850426783,8.0662197650,0.0000000000
284,1.0734975489,9.5789333705,0.0000000000
285,1.0737628557,9.7513239528,0.0000000000
286,1.0726563111,9.8681477659,0.0000000000
287,1.0735729201,9.9488907280,0.0000000000
288,1.0731519833,9.7603209097,0.0000000000
289,1.0735294745,9.2382422431,0.0000000000
290,1.0747386630,8.8146256160,0.0000000000
291,1.0422744275,-1.9073384306,0.0000000000
292,1.0805573065,-356.2204385951,0.0000000000
293,1.0418456177,-1.9486289999,0.0000000000
294,1.0860104456,31.0857306124,0.0000000000
295,1.0731847172,32.5704922061,0.0000000000
296,1.0861021860,31.5877702470,0.0000000000
297,1.0953372219,33.5500168382,0.0000000000
298,1.0954803000,35.8073242715,0.0000000000
299,1.0953597929,34.3328185183,0.0000000000
300,1.0958116361,34.9444268532,0.0000000000
301,1.0954703550,34.8397355206,0.0000000000
302,1.0957139454,34.4020162388,0.0000000000
303,1.0784387118,-4.0564854201,0.0000000000
304,1.0699442857,-5.4659763107,0.0000000000
305,1.0787257356,-3.9777890579,0.0000000000
306,1.0659502622,-11.1809595882,0.0000000000
307,1.0999987930,6.2651249825,0.0000000000
308,1.0997302771,6.2242014843,0.0000000000
309,1.0813947279,-2.0547623119,0.0000000000
310,1.0670749095,-3.3741377731,0.0000000000
311,1.0341225074,0.0000000000,0.0000000000
312,1.0335871300,-0.1607732323,0.0000000000
313,1.0357874415,1.4702503043,0.0000000000
314,1.0319985823,4.8728788665,0.0000000000
315,1.0533536129,2.1962529358,0.0000000000
316,1.0276134201,7.6490292755,0.0000000000
317,1.0228377143,5.4599009957,0.0000000000
318,1.0253282359,5.3946994996,0.0000000000
319,1.0250528033,5.8140494900,0.0000000000
320,1.0236863987,7.0587519815,0.0000000000
321,1.0244010764,6.0737267056,0.0000000000
322,1.0414804945,5.8529613989,0.0000000000
323,1.0851343979,6.9296243969,0.0000000000
324,1.0387371303,8.3995921689,0.0000000000
325,1.0395580106,8.4756280208,0.0000000000
326,1.0396476102,9.1938972932,0.0000000000
327,1.0394069733,8.9334638433,0.0000000000
328,1.0383492039,8.2936104181,0.0000000000
329,1.0384319175,8.5631963094,0.0000000000
330,1.0609498806,-11.1559237031,0.0000000000
331,1.0610541353,-11.1431724354,0.0000000000
332,1.0719909604,-8.2792191114,0.0000000000
333,1.0663330906,-10.5244832159,0.0000000000
334,1.0999915028,-7.5675839570,0.0000000000
335,1.0952284531,-7.8179207517,0.0000000000
336,1.0770815114,9.5865200238,0.0000000000
337,1.0827167530,9.4672453887,0.0000000000
338,1.0856923522,12.3228220956,0.0000000000
339,1.0884058650,12.0505275811,0.0000000000
340,1.0896448961,13.1727715809,0.0000000000
341,1.0896357980,13.5956444066,0.0000000000
342,1.0866381374,31.2440383346,0.0000000000
343,1.0999987473,32.3722554189,0.0000000000
344,1.0999986054,32.4697911900,0.0000000000
345,1.0999989137,33.2073184349,0.0000000000
346,1.0814381629,8.4098730520,0.0000000000
347,1.0495810357,8.6603025275,0.0000000000
348,1.0791486750,6.7348826846,0.0000000000
349,1.0493060116,8.7089950675,0.0000000000
350,1.0772543731,-6.7473647903,0.0000000000
351,1.0744362362,-8.5116986770,0.0000000000
352,1.0771984329,-6.7523602024,0.0000000000
353,1.0797284587,34.5839720374,0.0000000000
354,1.0875159410,39.5536921860,0.0000000000
355,1.0795178786,34.5224007882,0.0000000000
356,1.0498514721,3.0251705100,0.0000000000
357,1.0750017698,-3.1093555291,0.0000000000
358,1.0514814289,1.9902839761,0.0000000000
359,1.0793204057,8.6790224204,0.0000000000
360,1.0373322141,-0.3575739856,0.0000000000
361,1.0321311105,-3.2386334675,0.0000000000
362,1.0365708368,-0.0531434940,0.0000000000
363,1.0365269094,0.2339041991,0.0000000000
364,1.0377908962,2.3910377958,0.0000000000
365,1.0389547346,2.3579916405,0.0000000000
366,1.0781379682,9.8142391158,0.0000000000
367,1.0815141497,10.1136844207,0.0000000000
368,1.0834091871,11.4712354085,0.0000000000
369,1.0220700242,13.3473760571,0.0000000000
370,1.0872695162,7.0915174014,0.0000000000
371,1.0999991459,8.3174590710,0.0000000000
372,1.0999991071,9.4822171787,0.0000000000
373,1.0862174526,6.9901109914,0.0000000000
374,1.0566455407,0.7620091877,32.9896102905
375,1.0580832083,2.3521204994,0.0000000000
376,1.0562042201,0.7586463382,0.0000000000
377,1.0795482114,9.6597356303,0.0000000000
378,1.0368198225,10.6133707479,0.0000000000
379,1.0390663870,11.5103493516,0.0000000000
380,1.0361438217,10.3730835570,0.0000000000
381,1.0378843092,11.8064555561,0.0000000000
382,1.0527962646,1.1200444464,0.0000000000
383,1.0525946140,1.0894339368,7.7858727502
384,1.0536239170,1.2934265400,0.0000000000
385,1.0535984217,1.2922305403,-3.8778606885
386,1.0735694661,-2.3287224149,0.0000000000
387,1.0799999908,-4.1995217285,0.0000000000
388,1.0733827002,-2.2948326839,0.0000000000
389,1.0711241073,35.0789424342,0.0000000000
390,1.0788183856,34.5942008508,0.0000000000
391,0.9956039523,36.7471619393,0.0000000000
392,0.9913839871,37.7953200952,0.0000000000
393,0.9858713015,38.0895678964,0.0000000000
394,0.9849473645,37.4555373039,0.0000000000
395,1.0587393993,4.8326892058,0.0000000000
396,1.0942009813,3.8871228274,0.0000000000
397,1.0585718676,4.8885613070,0.0000000000
398,1.0496802858,-6.2341161576,0.0000000000
399,1.0830095407,22.9907427453,0.0000000000
400,1.0789924880,34.9381994440,0.0000000000
401,1.0732947553,37.8742852211,0.0000000000
402,1.0695105014,39.2274013130,0.0000000000
403,1.0789599441,34.8725565567,0.0000000000
404,1.0857358162,6.0155515788,0.0000000000
405,1.0856985338,25.1186530068,0.0000000000
406,1.0846874404,23.4315283402,0.0000000000
407,1.0999949613,26.7196104824,0.0000000000
408,1.0999915546,27.3187560421,0.0000000000
409,1.0999901592,27.9068752481,0.0000000000
410,1.0999908551,27.8080515829,0.0000000000
411,1.0999893309,28.4450042534,0.0000000000
412,1.0999907653,27.5100460153,0.0000000000
413,1.0798376249,-1.8387896709,0.0000000000
414,1.0630035169,34.9250676910,0.0000000000
415,1.0787268720,32.1498684919,0.0000000000
416,1.0161200962,35.6997354180,0.0000000000
417,1.0605319339,35.7365092534,0.0000000000
418,1.0614690460,36.6202939088,0.0000000000
419,1.0161339036,35.7012524619,0.0000000000
420,1.0170030322,35.9966511784,0.0000000000
421,1.0555640372,1.6372110533,0.0000000000
422,1.0497494298,-2.2659325784,0.0000000000
423,1.0493036764,-5.8830855329,0.0000000000
424,1.0545048069,-0.5990568060,0.0000000000
425,1.0541605239,-0.9269984061,0.0000000000
426,1.0402230253,-0.6199999143,0.0000000000
427,1.0560512118,-0.9648270053,0.0000000000
428,1.0525265838,-1.0588026070,0.0000000000
429,1.0799997636,-3.3559345205,0.0000000000
430,1.0736055278,-5.4123809903,0.0000000000
431,1.0406729977,-2.3348165496,0.0000000000
432,1.0386392899,-1.6460913466,0.0000000000
433,1.0478393980,-2.5038085687,0.0000000000
434,1.0443072984,-2.1138358345,0.0000000000
435,1.0773971095,-3.8693186403,0.0000000000
436,1.0700441404,-6.0193164955,0.0000000000
437,1.0017222644,-1.8647360177,0.0000000000
438,1.0007178647,-2.9646884712,0.0000000000
439,0.9945923839,-2.1490794424,0.0000000000
440,0.9948393604,-3.2605922846,0.0000000000
441,1.0408363692,-9.6193927477,0.0000000000
442,1.0673329971,26.6131550495,0.0000000000
443,1.0998067715,33.2015696129,0.0000000000
444,1.0989407963,32.8173668550,0.0000000000
445,1.0672749142,26.6064220655,0.0000000000
446,1.0411702125,0.0293808917,0.0000000000
447,1.0549507037,-2.0149639090,0.0000000000
448,1.0472992995,2.2114795138,0.0000000000
449,1.0470570002,2.3598493373,0.0000000000
450,0.9740970950,2.2557789502,0.0000000000
451,0.9791384933,1.5198510830,0.0000000000
452,0.9796694585,1.0896889677,0.0000000000
453,1.0563985815,-12.4387712554,0.0000000000
454,1.0769830344,-6.4464978484,0.0000000000
455,1.0799998137,-8.2670086861,0.0000000000
456,1.0139488787,-1.7349045497,0.0000000000
457,1.0261798661,-5.8197870743,0.0000000000
458,1.0139635055,-4.1865284681,0.0000000000
459,1.0222295080,-4.6854058184,0.0000000000
460,1.0799998415,0.0519840627,0.0000000000
461,1.0737070665,-1.3215086197,0.0000000000
462,1.0531726994,1.7762110489,0.0000000000
463,1.0525880486,1.7015150172,0.0000000000
464,1.0499382044,0.9593457448,0.0000000000
465,1.0518020028,3.2116281963,0.0000000000
466,1.0485545454,4.5772565521,0.0000000000
467,1.0517898585,3.2013237197,0.0000000000
468,1.0409179331,-6.9344530796,0.0000000000
469,1.0684211808,-9.7098890874,0.0000000000
470,1.0283194581,-5.0817904908,0.0000000000
471,1.0305149705,-6.1584677221,0.0000000000
472,1.0799667301,9.1450715327,0.0000000000
473,1.0799139604,9.1187583638,0.0000000000
474,1.0828515920,-10.7425819923,0.0000000000
475,1.0974419596,-9.9931469088,0.0000000000
476,1.0972849453,-8.7133088889,0.0000000000
477,1.0825936990,-10.7555860584,0.0000000000
478,1.0684052907,-3.6197886313,0.0000000000
479,1.0557503391,1.9176478831,0.0000000000
480,1.0853414378,-2.1668875884,0.0000000000
481,1.0776135202,3.7396605901,0.0000000000
482,1.0762312283,3.1161375394,0.0000000000
483,1.0758426324,3.9420005621,0.0000000000
484,1.0768326281,3.5302751156,0.0000000000
485,1.0802380251,2.4901328912,0.0000000000
486,1.0549752172,1.8549880707,0.0000000000
487,1.0466798879,-8.0447558105,0.0000000000
488,1.0543452927,1.8658464993,0.0000000000
489,1.0631177019,24.9587868209,0.0000000000
490,1.0629351010,25.3869052350,0.0000000000
491,1.0629080826,25.3852472693,0.0000000000
492,1.0826008871,29.1372673464,0.0000000000
493,1.0999816631,33.0424388718,0.0000000000
494,1.0999893462,31.4886107794,0.0000000000
495,1.0812782614,28.9819903126,0.0000000000
496,1.0409556110,-1.8627137469,0.0000000000
497,1.0781715293,-6.3788653140,0.0000000000
498,1.0411737916,-1.7612032029,0.0000000000
499,1.0840496337,23.1686448743,0.0000000000
500,1.0840251669,23.1678712903,0.0000000000
--generator section
i,unit id,pg(MW),qg(MVar)
272,'1',46.8999389692,18.0013644840
275,'1',888.1999759265,213.9617940839
276,'1',888.1999755497,190.9510424857
277,'1',8.3820543476,9.5940828724
277,'2',2.7160543472,9.5940828724
277,'3',9.6610543477,9.5940828724
277,'4',8.6510543476,9.5940828724
280,'1',142.7307521657,80.7564747492
281,'1',122.6657429795,80.7616589543
284,'1',52.7370032409,20.4127023233
285,'1',55.4150032408,18.0813655981
286,'1',69.2430032405,15.3717797001
287,'1',64.5980032406,16.4859144248
288,'1',52.4240032407,14.8410397548
289,'1',27.4790032411,21.4055963185
292,'1',0.4999887709,0.1918936146
292,'2',0.4999887704,0.1918936146
294,'1',17.9999390901,9.1601822437
297,'1',82.7681224290,6.7164429901
298,'1',178.4648038021,6.8347009558
299,'1',178.4664222823,8.9619713847
300,'1',86.6065780086,3.4886988286
301,'1',146.7347774311,6.4034737844
302,'1',86.7818797831,4.9375153461
303,'1',16.7120412683,25.9188254081
303,'2',13.7580412683,25.9188254081
306,'1',1.7450212827,3.2545094320
306,'2',0.7820212826,3.2545094320
307,'1',33.0842310584,4.4531499301
307,'2',33.0819112382,4.4531499301
307,'3',33.0863552825,4.4531499301
311,'1',676.4606845076,80.4688658647
312,'1',738.4584928117,80.5555100913
313,'1',734.7829097888,81.2393060057
316,'1',142.3670492535,-12.5998825420
317,'1',38.6762200743,-34.4163638191
318,'1',36.9521019834,-27.4315812328
319,'1',85.7300840320,-36.1273136217
320,'1',130.5811262388,-27.4554331518
321,'1',84.6801899860,-30.7759197756
324,'1',119.9999696194,-6.3435192291
325,'1',119.9999728496,-4.3045118075
326,'1',119.9999725924,-2.0165679224
327,'1',119.9999672817,-3.1445354653
328,'1',119.9999755631,-7.6996245100
329,'1',119.9999688243,-6.3243381089
330,'1',0.2590218325,0.4648977832
330,'2',0.1430218317,0.4648977832
330,'3',0.3480218333,0.4648977832
330,'4',0.4090218340,0.4648977832
334,'1',15.8460204059,31.9693662820
335,'1',12.5490273316,32.1459020018
338,'1',186.2551783295,31.6948177136
339,'1',179.4667224276,45.2005410758
340,'1',234.8498767811,47.8179063967
341,'1',206.6531945352,38.5299882702
343,'1',41.6620030847,23.9071913557
344,'1',38.5610030853,20.9767443499
345,'1',80.1460030834,26.5106966540
346,'1',48.4999643407,-3.8536280417
346,'2',48.4999614501,-3.8536280417
347,'1',36.5620512894,28.7975752707
347,'2',33.3450512893,28.7975752707
347,'3',29.9180512893,28.7975752707
350,'1',6.6760199294,11.0570812717
351,'1',14.1850205256,11.0576921441
351,'2',11.1920205256,11.0576921441
351,'3',10.0340205256,11.0576921441
354,'1',109.9997754019,9.3976716094
356,'1',13.6790357260,-1.4803107520
356,'2',5.6250357258,-1.4803107520
356,'3',12.3880357260,-1.4803107520
357,'1',6.1740853383,9.0575686381
358,'1',20.2750371014,4.3880214920
358,'2',25.1470371015,4.3880214920
358,'3',19.3960371014,4.3880214920
358,'4',15.9460371014,4.3880214920
359,'1',27.5999638137,-3.0577646571
359,'2',27.5999623433,-3.0577646571
362,'1',78.7070157756,-12.4008546863
363,'1',78.1910084850,-6.9182492543
364,'1',259.9660031773,5.0697969693
365,'1',286.1130040171,9.0531257914
367,'1',2.2290687784,1.2376315694
368,'1',9.0510682871,1.1882661062
368,'2',6.3200682864,1.1882661062
369,'1',9.5650675080,1.1306174623
371,'1',73.7320381335,37.8711853490
372,'1',133.8980232929,35.1306595709
375,'1',11.8645446302,0.3926231990
378,'1',65.6280032471,-15.9806454629
379,'1',66.6610032445,-4.8705894321
380,'1',31.0370032476,-11.4568914596
381,'1',113.6180031089,-9.4872498243
382,'1',3.5540215209,0.9208487589
382,'2',2.9250215208,0.9208487589
382,'3',0.8780215205,0.9208487589
382,'4',2.1930215206,0.9208487589
384,'1',5.1790215194,2.6965064137
384,'2',7.3350215195,2.6965064137
384,'3',3.1460215193,2.6965064137
384,'4',2.3780215193,2.6965064137
386,'1',27.4750097700,10.5933608710
386,'2',30.1390097700,10.5933608710
386,'3',11.0320097699,10.5933608710
386,'4',25.2080097699,10.5933608710
386,'5',12.5950097699,10.5933608710
386,'6',7.4680097699,10.5933608710
391,'1',141.4994930470,-3.7897672285
392,'1',141.4976124274,2.9187646677
393,'1',141.4992211614,3.7544295055
394,'1',103.2946056449,0.5194312775
395,'1',8.6600772052,11.3210690985
395,'2',14.0020772061,11.3210690985
396,'1',14.6040965750,-1.4374305113
396,'2',7.5120965733,-1.4374305113
396,'3',6.1810965731,-1.4374305113
396,'4',13.8480965748,-1.4374305113
398,'1',39.3199145211,13.0148239543
398,'2',37.9125749225,13.0148239543
398,'3',28.7128171061,13.0148239543
398,'4',29.7852294503,13.0148239543
398,'5',42.2827898022,13.0148239543
398,'6',38.4717969266,13.0148239543
399,'1',0.2260385972,0.5709965106
399,'2',0.5890386014,0.5709965106
401,'1',61.2498883999,-6.7961610248
402,'1',61.2499509391,-6.7960175984
404,'1',19.5200853077,-1.3398711328
404,'2',15.5330853073,-1.3398711328
404,'3',13.0130853071,-1.3398711328
404,'4',12.6610853071,-1.3398711328
407,'1',108.9998802105,51.0777015338
408,'1',108.9998568849,37.0466651348
409,'1',108.9999112169,30.0112834942
410,'1',108.9998904444,31.1653860849
411,'1',108.9999271626,26.0841073846
412,'1',91.8972095553,29.4229453917
413,'1',53.8999104826,1.3021403584
416,'1',67.9630127583,-12.1434858561
417,'1',131.1740132048,-22.6882034234
418,'1',149.6450082846,-7.7007731218
419,'1',56.6430133033,-10.0504381861
420,'1',67.9010172095,-5.9483949785
421,'1',24.8284379825,6.3834641497
421,'2',51.4963188224,6.3834641497
424,'1',112.7970032803,-31.0569028571
425,'1',87.6270035141,-31.6069976583
426,'1',102.8160030686,-32.7063839721
427,'1',99.8440034552,-29.3480360785
428,'1',67.9530032941,-32.8832094646
431,'1',54.1900355500,52.6577176320
432,'1',108.7540508322,56.2772091978
433,'1',75.6700603681,92.6568552253
434,'1',89.0640344157,86.0683577956
437,'1',110.1700358995,17.1960117300
438,'1',58.2770288191,15.4643632030
439,'1',90.1640329994,11.4158340487
440,'1',31.8000403524,12.1454626311
441,'1',11.3340494241,0.1175402731
441,'2',17.8760494242,0.1175402731
441,'3',15.6950494242,0.1175402731
443,'1',2.9999528914,0.8431231636
443,'2',2.9999198830,0.8431231636
444,'1',2.9999417975,1.4154225168
444,'2',2.9999586966,1.4154225168
448,'1',129.5820199455,20.1574560242
449,'1',137.7500153154,19.1867849745
450,'1',113.3190237127,16.8132512204
451,'1',84.2080211306,15.8974254828
452,'1',66.1520379086,19.5974607355
453,'1',11.5360300293,9.3291985961
453,'2',10.9130300293,9.3291985961
453,'3',9.2050300292,9.3291985961
456,'1',164.8808376906,39.9018439712
457,'1',45.0266676954,49.3747234478
458,'1',93.0418555556,28.2230080463
459,'1',98.2994549528,45.6461894632
462,'1',109.7571620841,64.4536962912
463,'1',117.5501682166,69.7098468570
464,'1',58.5357440652,52.8912644852
466,'1',10.5710364721,-1.2285802323
466,'2',5.7460364719,-1.2285802323
470,'1',183.0950049042,-68.6211008281
471,'1',90.7460075993,-68.6211157989
472,'1',24.4999731095,-2.7175333174
472,'2',24.4999716126,-2.7175333174
475,'1',9.2210219842,6.5621749971
475,'2',4.2240219841,6.5621749971
476,'1',13.9340219431,4.9749113940
478,'1',49.2999475757,-5.4675057328
478,'2',49.2999644285,-5.4675057328
481,'1',154.1530092976,99.3692729053
482,'1',86.1850219222,78.2000923806
483,'1',189.0850043483,100.9185405264
484,'1',113.9040087237,79.6322389468
485,'1',56.8920166249,127.5723615839
486,'1',3.6400205629,11.0646285222
486,'2',12.5560205630,11.0646285222
486,'3',13.6600205630,11.0646285222
486,'4',6.7240205630,11.0646285222
486,'5',6.2720205629,11.0646285222
486,'6',9.4760205630,11.0646285222
487,'1',12.4999653423,-1.3449879839
488,'1',0.8560210694,0.6517194249
488,'2',2.3670210697,0.6517194249
488,'3',2.7650210698,0.6517194249
488,'4',2.7270210698,0.6517194249
488,'5',1.2960210695,0.6517194249
488,'6',1.2720210695,0.6517194249
489,'1',0.2890350157,0.6633697199
489,'2',0.2600350155,0.6633697199
489,'3',0.4810350176,0.6633697199
489,'4',0.5840350190,0.6633697199
489,'5',0.4860350177,0.6633697199
489,'6',0.6610350203,0.6633697199
490,'1',3.3999455706,1.7264702966
493,'1',139.9996585134,32.0360890474
494,'1',139.9999107558,52.7698938492
496,'1',9.8011101409,34.7480634124
496,'2',35.5101101415,34.7480634124
499,'1',0.6420384138,0.6605280133
499,'2',0.4500384120,0.6605280133
499,'3',0.8060384159,0.6605280133
